<<<<<<< HEAD
1 1 0 0 1 1 1 1 1 1 1 1 1 1 1 1
1 0 0 0 0 0 0 0 0 0 0 0 0 0 0 1
1 0 0 0 0 0 0 0 0 0 0 0 0 0 0 1
1 0 0 0 0 0 0 0 0 0 0 0 0 0 0 1
1 0 0 0 0 0 0 0 0 0 0 0 0 0 0 1
1 0 0 0 0 0 0 0 0 0 0 0 0 0 0 1
1 0 0 0 0 0 0 0 0 0 0 0 2 2 0 1
1 0 0 0 0 0 0 0 0 0 2 2 2 2 0 1
1 0 0 0 0 0 0 0 0 2 2 2 2 2 2 1
1 0 0 0 0 0 0 0 2 2 2 2 2 2 2 1
1 0 0 0 0 0 0 2 2 2 2 2 2 2 2 1
=======
1 1 0 0 1 1 1 1 1 1 1 1 1 1 1 1
1 0 0 0 0 0 0 0 0 0 0 0 0 0 0 1
1 0 0 0 0 0 0 0 0 0 0 0 0 0 0 1
1 0 0 0 0 0 0 0 0 0 0 0 0 0 0 1
1 0 0 0 0 0 0 0 0 0 0 0 0 0 0 1
1 0 0 0 0 0 0 0 0 0 0 0 0 0 0 1
1 0 0 0 0 0 0 0 0 0 0 0 2 2 0 1
1 0 0 0 0 0 0 0 0 0 2 2 2 2 0 1
1 0 0 0 0 0 0 0 0 2 2 2 2 2 2 1
1 0 0 0 0 0 0 0 2 2 2 2 2 2 2 1
1 0 0 0 0 0 0 2 2 2 2 2 2 2 2 1
>>>>>>> ff6c4f7 (refined)
1 1 1 1 1 1 1 1 1 1 1 1 1 1 1 1